{
   "width":1920,
   "height":1080,
   "top":163,
   "left":450,
   "bottom":138,
   "right":429,
   "opacity":1.0000000,
   "messagex":0.220000,
   "messagey":0.120000
}