{
   "width":1920,
   "height":1080,
   "top":247,
   "left":454,
   "bottom":88,
   "right":454,
   "opacity":1.0000000,
   "messagex":0.220000,
   "messagey":0.120000
}